74
199
222
395
53
708
408
583
847
559
105
924
1035
942
606
987
566
430
350
443
753
73
744
714
788
725
815
960
414
26
799
122
308
906
674
487
108
742
60
313
959
620
813
155
953
547
327
406
133
506
883
24
1037
52
635
3
75
139
201
274
244
253
930
20
212
158
1027
80
944
885
499
747
474
366
279
103
576
844
700
659
473
47
261
104
150
524
197
922
665
111
860
202
379
836
1041
481
819
43
677
495
370
887
296
572
298
115
783
62
916
979
718
314
797
211
427
910
284
863
373
256
542
355
604
823
656
405
518
451
832
890
387
617
772
956
483
161
970
784
671
275
646
854
42
703
243
562
247
459
533
630
902
412
1013
1015
954
223
595
707
687
15
569
730
814
325
785
365
76
231
943
478
776
331
295
652
790
879
727
342
655
178
802
187
957
1032
639
29
760
842
507
250
926
731
745
650
521
515
195
840
70
692
935
801
165
337
733
91
159
390
25
174
358
660
777
964
28
248
966
292
469
865
994
265
662
385
869
599
805
748
914
512
1044
214
523
37
629
622
672
614
768
68
766
207
392
288
367
503
873
386
668
41
180
306
1002
654
762
8
352
413
145
818
581
549
993
454
856
675
892
951
611
605
996
697
779
861
146
758
658
127
771
61
811
945
185
129
18
804
694
446
560
309
577
208
249
598
1042
563
78
1031
485
163
1004
732
633
17
263
864
402
855
596
901
584
457
297
1030
724
303
749
58
670
347
456
396
442
217
573
477
318
644
520
903
19
557
822
838
374
613
375
980
825
420
502
567
726
254
488
343
975
86
905
888
949
341
884
317
39
859
335
463
289
137
886
63
121
489
712
631
270
990
397
615
701
538
356
141
493
351
900
198
696
444
1005
417
193
624
106
722
455
69
565
354
1033
35
264
326
251
388
232
585
83
361
539
71
114
445
491
1029
591
216
796
921
5
363
462
12
269
716
555
93
680
183
676
717
109
277
179
827
1000
1012
866
23
896
648
268
1019
941
441
438
695
719
117
22
501
416
907
519
682
548
482
1007
321
817
470
1028
713
889
110
536
517
756
320
4
839
826
81
972
698
272
175
31
743
597
9
558
411
329
1008
544
87
876
601
338
170
426
511
464
540
311
751
870
1024
782
204
791
898
160
281
262
711
120
450
683
339
113
570
564
345
831
260
653
486
213
918
778
315
98
391
973
433
849
226
428
986
909
322
704
803
266
878
192
293
947
316
259
138
571
434
706
282
867
48
913
625
809
471
852
793
763
514
530
705
14
196
418
33
1034
636
588
610
962
673
627
710
632
228
1022
871
645
140
950
1014
421
257
49
1
362
437
938
278
267
302
118
837
319
531
593
143
235
642
449
971
693
230
561
634
132
1039
101
162
532
808
667
236
153
89
136
684
472
44
475
688
494
344
13
527
218
237
2
410
376
330
686
537
181
908
461
287
830
432
301
79
383
690
967
995
923
88
210
82
983
1011
123
691
116
225
1023
508
543
997
280
59
992
227
925
142
641
334
958
359
619
1036
529
360
689
57
985
440
77
594
381
300
828
904
191
498
72
84
550
534
90
312
290
702
500
92
484
36
669
821
679
824
940
510
1021
480
609
621
919
305
431
147
897
982
812
496
976
927
294
328
346
608
834
1038
988
119
759
209
626
798
757
920
46
221
607
107
720
30
929
399
946
